     0/199     2.12G    0.1068   0.02463   0.02521    0.1566         1       640  0.000233    0.0712 3.284e-05 5.559e-06    0.1018   0.01958   0.02387
     1/199      3.1G    0.1027     0.022   0.02328    0.1479         5       640 0.0002556    0.1006 6.166e-05  8.67e-06   0.09547   0.02064    0.0224
     2/199      3.1G   0.09101   0.02309   0.02169    0.1358        11       640   0.03937    0.3156   0.02363  0.004841   0.09201   0.02138   0.02333
     3/199      3.1G   0.08043   0.02177    0.0204    0.1226         8       640   0.09312    0.1465   0.04395   0.00944   0.08225   0.02702   0.01772
     4/199      3.1G   0.07621   0.02072    0.0163    0.1132         5       640     0.404    0.2019    0.1218   0.03541   0.07298   0.01853   0.01365
     5/199      3.1G   0.07204   0.01992   0.01345    0.1054         5       640    0.4449    0.2611    0.2261   0.07386   0.06493   0.01731  0.009142
     6/199      3.1G    0.0669   0.01892   0.01035   0.09617         6       640    0.3649    0.3095    0.2002   0.07288   0.06209   0.01812  0.008941
     7/199      3.1G   0.06476    0.0182  0.009083   0.09204         9       640    0.4505    0.3424    0.3016    0.1034    0.0603    0.0158  0.006674
     8/199      3.1G   0.06313   0.01794  0.009028   0.09009        11       640    0.4469    0.3245    0.2969    0.1178   0.05946   0.01554   0.01185
     9/199      3.1G   0.06142   0.01756  0.007352   0.08633        10       640    0.4931    0.3852    0.3719    0.1636   0.05645    0.0147  0.007035
    10/199      3.1G   0.05931    0.0165  0.006108   0.08192         5       640    0.5525     0.462    0.4611    0.2138   0.05298   0.01347  0.003959
    11/199      3.1G   0.05752   0.01626  0.005769   0.07955         9       640    0.5719    0.4949    0.5092    0.2164   0.05299   0.01327  0.003768
    12/199      3.1G   0.05692   0.01562  0.005415   0.07796        11       640    0.5795    0.4726    0.4922    0.2362   0.05172    0.0129  0.003854
    13/199      3.1G   0.05482   0.01555  0.005013   0.07538         7       640     0.591    0.5138    0.5201    0.2329   0.05216   0.01265  0.003712
    14/199      3.1G   0.05389   0.01496  0.004392   0.07324         4       640    0.6072     0.503    0.5212    0.2464    0.0511   0.01249  0.004515
    15/199      3.1G   0.05329   0.01503  0.004514   0.07283        13       640    0.6354    0.4779    0.5319    0.2621   0.04967   0.01261  0.003721
    16/199      3.1G   0.05256   0.01443  0.004022   0.07101         8       640    0.6794    0.4948    0.5406      0.26   0.04848   0.01255  0.003525
    17/199      3.1G   0.05142   0.01415  0.003764   0.06933         9       640    0.6849    0.5461    0.5923    0.2839   0.04804   0.01185  0.003053
    18/199      3.1G   0.05058   0.01427  0.003324   0.06817        17       640    0.7527    0.5601    0.6284    0.3088    0.0462   0.01128  0.002394
    19/199      3.1G   0.04943   0.01384  0.003684   0.06695         9       640    0.7623    0.5468    0.6206    0.3168   0.04571   0.01132  0.002577
    20/199      3.1G   0.04873   0.01345  0.003178   0.06536         4       640    0.7231    0.5815    0.6231     0.321   0.04546    0.0118  0.003049
    21/199      3.1G   0.04778   0.01344  0.002958   0.06418        21       640     0.726    0.5474    0.6048    0.3152   0.04589   0.01184  0.004279
    22/199      3.1G   0.04835   0.01357  0.002657   0.06458         8       640    0.7885    0.5539    0.6438    0.3323   0.04509   0.01121  0.002444
    23/199      3.1G   0.04672   0.01299  0.002772   0.06249         8       640    0.7549    0.5762     0.646    0.3253   0.04447   0.01102  0.002693
    24/199      3.1G   0.04699   0.01351  0.003165   0.06367        11       640    0.7048    0.6231    0.6596    0.3441   0.04358   0.01106  0.002527
    25/199      3.1G   0.04625   0.01296  0.002501   0.06171         5       640    0.7387    0.5666    0.6353     0.341    0.0441   0.01141  0.002133
    26/199      3.1G   0.04574   0.01307  0.002734   0.06154        10       640    0.7441    0.6227    0.6776    0.3584   0.04272    0.0107   0.00203
    27/199      3.1G   0.04508   0.01284  0.002416   0.06034         5       640     0.812    0.6137    0.6955    0.3708   0.04211   0.01032  0.002499
    28/199      3.1G   0.04438   0.01256  0.002052   0.05899         4       640    0.7997    0.6187     0.702    0.3836   0.04228   0.01053  0.001554
    29/199      3.1G   0.04374   0.01256  0.002058   0.05836         8       640    0.7615    0.6514    0.6939    0.3784   0.04109    0.0102  0.001689
    30/199      3.1G   0.04446   0.01232  0.002235   0.05902         6       640    0.7988    0.6132    0.6948    0.3738   0.04076   0.01042  0.001884
    31/199      3.1G   0.04311   0.01232  0.002174    0.0576         8       640    0.7686    0.6253     0.682    0.3701   0.04158   0.01041  0.003189
    32/199      3.1G   0.04289   0.01224  0.001891   0.05701         7       640    0.8336    0.6372     0.718    0.4021   0.04009  0.009848  0.001333
    33/199      3.1G   0.04282    0.0121  0.002002   0.05692         8       640    0.8077    0.6606    0.7281    0.3982    0.0408  0.009859   0.00189
    34/199      3.1G   0.04186   0.01219  0.002078   0.05613        18       640    0.8137    0.6493    0.7189    0.4007   0.03932  0.009831  0.002086
    35/199      3.1G   0.04147   0.01209  0.001631   0.05519         7       640    0.7577    0.6843    0.7248    0.4096   0.03927  0.009876  0.002307
    36/199      3.1G   0.04155   0.01197  0.002372   0.05589         8       640    0.7933    0.6563    0.7264    0.3825    0.0398  0.009918  0.001931
    37/199      3.1G   0.04097   0.01206  0.001811   0.05484         5       640     0.796    0.6787    0.7315    0.4122   0.03844  0.009846  0.002276
    38/199      3.1G   0.04153   0.01163  0.001774   0.05494         8       640    0.7631    0.7095    0.7445    0.4172   0.03868  0.009617  0.001496
    39/199      3.1G   0.04027   0.01176  0.001549   0.05358         6       640    0.8298    0.6727    0.7488     0.428   0.03877  0.009415   0.00153
    40/199      3.1G   0.04022   0.01157  0.001779   0.05357         5       640    0.8466    0.6626    0.7499    0.4168   0.03817  0.009582  0.001689
    41/199      3.1G   0.03942   0.01138  0.001573   0.05237         8       640    0.8303    0.6967    0.7601    0.4365   0.03733  0.009314  0.001663
    42/199      3.1G    0.0394   0.01134  0.001397   0.05213         1       640    0.8343    0.7057    0.7568    0.4245   0.03853  0.009386  0.001588
    43/199      3.1G   0.03959   0.01164  0.001425   0.05265        13       640    0.8102    0.7178    0.7608    0.4277   0.03728  0.009432  0.001531
    44/199      3.1G   0.03882   0.01152  0.001559    0.0519        13       640    0.8021    0.6542     0.734    0.4192   0.03794  0.009783  0.001782
    45/199      3.1G   0.03865   0.01122   0.00137   0.05124         5       640    0.7554    0.7357    0.7524     0.424   0.03755  0.009463  0.002042
    46/199      3.1G   0.03877   0.01105  0.001559   0.05138         9       640     0.821    0.6885    0.7504    0.4349   0.03748  0.009611    0.0022
    47/199      3.1G   0.03874   0.01133  0.001531    0.0516         5       640    0.8211       0.7    0.7599    0.4368   0.03716  0.009367  0.001765
    48/199      3.1G   0.03791    0.0111   0.00141   0.05042        10       640    0.8528    0.6884    0.7715    0.4458   0.03685  0.009187  0.001891
    49/199      3.1G   0.03752   0.01102  0.001316   0.04986        10       640    0.8493    0.6911    0.7674    0.4419   0.03692   0.00926  0.001453
    50/199      3.1G   0.03763   0.01084  0.001268   0.04974         9       640    0.7695    0.7376    0.7677    0.4504   0.03604  0.008939   0.00135
    51/199      3.1G   0.03712    0.0105  0.001373     0.049         4       640    0.8334    0.7125    0.7729    0.4531   0.03587  0.009027  0.001462
    52/199      3.1G   0.03775   0.01095  0.001312   0.05001         2       640    0.8305    0.7096    0.7755    0.4502   0.03548  0.009154  0.001142
    53/199      3.1G   0.03714   0.01092  0.001383   0.04944        10       640    0.8406    0.7178    0.7823    0.4508   0.03557  0.008908  0.001365
    54/199      3.1G   0.03728    0.0108  0.001281   0.04936        10       640    0.8451    0.7021    0.7852    0.4647   0.03559  0.008939  0.001508
    55/199      3.1G   0.03629   0.01068  0.001205   0.04818         3       640      0.84     0.717    0.7788    0.4589    0.0353  0.008934  0.001755
    56/199      3.1G   0.03694   0.01049   0.00112   0.04855        10       640    0.8695    0.7172    0.7994    0.4609   0.03581  0.008801  0.001113
    57/199      3.1G    0.0363   0.01058  0.001238   0.04812         6       640    0.8016    0.7447    0.7871    0.4581   0.03543  0.009041  0.001027
    58/199      3.1G   0.03643   0.01053  0.001101   0.04806         4       640     0.862    0.7056    0.7869    0.4657   0.03485  0.008945  0.001386
    59/199      3.1G    0.0362   0.01076  0.001227   0.04819         5       640    0.8551    0.7209    0.7917    0.4622   0.03521  0.008851  0.001036
    60/199      3.1G   0.03594   0.01035   0.00118   0.04747         9       640    0.8598    0.7236    0.7902    0.4689   0.03497  0.008796  0.001393
    61/199      3.1G   0.03583   0.01046   0.00114   0.04743         9       640    0.8028    0.7575    0.7886    0.4697   0.03539  0.008931  0.001186
    62/199      3.1G   0.03581   0.01037  0.001117   0.04729         6       640    0.8325    0.7425    0.7969    0.4703   0.03467  0.008792  0.001206
    63/199      3.1G    0.0358   0.01056   0.00138   0.04774         8       640    0.8884    0.6972    0.7957    0.4745   0.03455  0.008827 0.0009819
    64/199      3.1G     0.035   0.01031  0.001122   0.04643        14       640    0.8343    0.7534    0.7972    0.4688   0.03485  0.008739  0.001146
    65/199      3.1G    0.0351   0.01013 0.0009946   0.04623         6       640    0.8627    0.7162    0.7948    0.4792   0.03483  0.008784  0.001313
    66/199      3.1G   0.03499   0.01029   0.00118   0.04646        13       640    0.8679    0.7192    0.8094    0.4832   0.03404  0.008676 0.0008824
    67/199      3.1G   0.03477    0.0102 0.0009953   0.04597         9       640    0.8424    0.7313    0.7999    0.4712   0.03463  0.008699 0.0009601
    68/199      3.1G   0.03426   0.01006 0.0008653   0.04519         5       640    0.8767    0.7309    0.8051    0.4822   0.03415  0.008555   0.00122
    69/199      3.1G   0.03394   0.01003  0.001007   0.04498        13       640    0.8327    0.7583    0.7976    0.4907   0.03419  0.008505  0.001023
    70/199      3.1G   0.03406  0.009976 0.0009834   0.04501         6       640    0.8882    0.7029    0.8037    0.4825   0.03423  0.008665  0.001124
    71/199      3.1G   0.03369   0.01004 0.0008956   0.04463        14       640    0.8276    0.7568    0.8026    0.4804   0.03383  0.008641   0.00107
    72/199      3.1G   0.03388  0.009715  0.001012    0.0446         9       640    0.8218    0.7807    0.8116    0.4934   0.03331  0.008499 0.0008031
    73/199      3.1G    0.0339  0.009711  0.000881    0.0445        16       640    0.8453    0.7521    0.8064    0.4857   0.03382  0.008431  0.001008
    74/199      3.1G   0.03402  0.009998  0.001043   0.04506        12       640    0.8818    0.7205    0.8115    0.5022   0.03316  0.008463  0.001276
    75/199      3.1G   0.03354  0.009654 0.0009717   0.04417        10       640    0.8331    0.7571    0.8103    0.5004    0.0334   0.00846 0.0009425
    76/199      3.1G   0.03324   0.00972 0.0007693   0.04373         6       640    0.8665    0.7514    0.8147    0.4972   0.03295  0.008336  0.001045
    77/199      3.1G   0.03368  0.009708 0.0008479   0.04423        10       640    0.8884    0.7368    0.8139    0.4994   0.03315  0.008282 0.0009198
    78/199      3.1G   0.03353   0.01003  0.001175   0.04473        19       640     0.833    0.7657    0.8077    0.4905   0.03344  0.008475  0.001224
    79/199      3.1G   0.03269  0.009652 0.0007953   0.04313        12       640    0.8501    0.7688    0.8226    0.5017   0.03299  0.008325 0.0009259
    80/199      3.1G    0.0323  0.009537 0.0007951   0.04264         6       640    0.8584    0.7588    0.8165    0.5065   0.03235  0.008264  0.001226
    81/199      3.1G   0.03256  0.009651 0.0009075   0.04312         9       640    0.8857    0.7573    0.8183    0.5041   0.03315  0.008344  0.001689
    82/199      3.1G   0.03315  0.009837 0.0008865   0.04387        12       640    0.8526    0.7641    0.8149    0.4963   0.03305  0.008231  0.001037
    83/199      3.1G   0.03297  0.009738 0.0008417   0.04355         8       640    0.8649    0.7573    0.8151     0.501   0.03341  0.008402  0.001325
    84/199      3.1G   0.03256  0.009682 0.0009524   0.04319         8       640    0.8603    0.7632    0.8176    0.5031    0.0327  0.008356  0.001094
    85/199      3.1G   0.03241  0.009491 0.0007947   0.04269         5       640    0.8584    0.7956    0.8284    0.5079   0.03208  0.008137 0.0009494
    86/199      3.1G   0.03228  0.009377 0.0006884   0.04235        14       640    0.8721    0.7613    0.8137    0.5166   0.03202  0.008216  0.001103
    87/199      3.1G   0.03181  0.009284 0.0008187   0.04192         7       640    0.8499    0.7664    0.8221    0.5122   0.03239  0.008096 0.0009375
    88/199      3.1G   0.03222  0.009273 0.0009384   0.04244         4       640    0.8275    0.7806    0.8168    0.5084   0.03268  0.008228  0.001007
    89/199      3.1G   0.03166  0.009277 0.0007167   0.04165         4       640    0.8671    0.7554    0.8175    0.5076   0.03242  0.008212 0.0009596
    90/199      3.1G   0.03193  0.009227  0.000796   0.04196         5       640    0.8324    0.7957    0.8318    0.5167   0.03144  0.008154 0.0007833
    91/199      3.1G   0.03173  0.009401 0.0007595   0.04189         5       640     0.887    0.7535    0.8248    0.5166   0.03181  0.008175 0.0008037
    92/199      3.1G   0.03102  0.009227 0.0006604   0.04091         6       640    0.8601    0.7688    0.8242    0.5184   0.03202  0.008185  0.001051
    93/199      3.1G   0.03113  0.009099 0.0006924   0.04092         5       640    0.8551    0.7883    0.8293    0.5173   0.03163  0.008079 0.0009296
    94/199      3.1G   0.03116   0.00913 0.0008188   0.04111         6       640    0.8598    0.7665    0.8232    0.5221   0.03146   0.00809  0.001093
    95/199      3.1G   0.03096  0.009052 0.0006096   0.04062         2       640     0.871    0.7701    0.8259    0.5213   0.03138  0.008149 0.0008037
    96/199      3.1G    0.0311  0.008975 0.0007854   0.04086         8       640     0.852    0.7925    0.8332    0.5266   0.03133   0.00793 0.0009048
    97/199      3.1G   0.03121  0.009423  0.001168   0.04181         3       640    0.8652    0.7831    0.8266    0.5137   0.03155  0.008164  0.001304
    98/199      3.1G   0.03107  0.009209 0.0006588   0.04093         9       640    0.8775    0.7694    0.8241    0.5109    0.0317  0.008122  0.001361
    99/199      3.1G   0.03057  0.009023 0.0006182   0.04021         8       640    0.8429    0.7897     0.827     0.521   0.03147   0.00806 0.0009533
   100/199      3.1G   0.03025  0.009182 0.0006451   0.04008        13       640    0.8587    0.7857    0.8356    0.5212   0.03134  0.008111 0.0008509
   101/199      3.1G   0.03048   0.00893 0.0006582   0.04006         9       640    0.8879    0.7714    0.8369    0.5268   0.03098  0.007986 0.0009086
   102/199      3.1G   0.03002  0.008828 0.0004829   0.03933         9       640    0.8885    0.7737    0.8371    0.5258   0.03118  0.007869  0.000824
   103/199      3.1G   0.02968  0.008658 0.0005874   0.03892         6       640    0.8589    0.7951     0.838    0.5341   0.03076  0.007796  0.000846
   104/199      3.1G   0.02976    0.0088 0.0007393    0.0393         9       640    0.8666    0.7859    0.8313    0.5372   0.03058  0.007904  0.000852
   105/199      3.1G   0.02924  0.008666 0.0006015    0.0385         8       640    0.8759    0.7931    0.8372    0.5356     0.031  0.007875 0.0008789
   106/199      3.1G   0.02993  0.008841 0.0007551   0.03953         9       640    0.9015    0.7531    0.8303    0.5345   0.03089  0.007833  0.001048
   107/199      3.1G   0.02963  0.008937  0.000516   0.03908         5       640    0.8696    0.7932    0.8387    0.5277   0.03085  0.007783 0.0009918
   108/199      3.1G   0.02924  0.008616 0.0005468    0.0384         9       640    0.8972    0.7658    0.8318    0.5395   0.03076  0.007816  0.001001
   109/199      3.1G    0.0291  0.008629 0.0004827   0.03821         9       640     0.861    0.7761    0.8263    0.5329    0.0306  0.007886  0.000983
   110/199      3.1G   0.02926  0.008642 0.0005567   0.03846        12       640    0.8771    0.7732     0.836    0.5308    0.0309  0.007889 0.0009955
   111/199      3.1G   0.02911  0.008645 0.0005944   0.03835        12       640    0.8878    0.7759    0.8361    0.5396   0.03063  0.007845 0.0006968
   112/199      3.1G   0.02916   0.00873 0.0004952   0.03838        11       640    0.8951     0.778    0.8363    0.5431   0.03056  0.007833 0.0008483
   113/199      3.1G   0.02898  0.008461  0.000457    0.0379         7       640      0.87    0.7892    0.8399    0.5445   0.03074  0.007866  0.000963
   114/199      3.1G   0.02876  0.008476 0.0005034   0.03774        13       640    0.8605    0.7874    0.8398     0.547   0.03062  0.007876 0.0009861
   115/199      3.1G    0.0287  0.008386 0.0005472   0.03764         7       640    0.8885    0.7825    0.8457     0.543   0.03042  0.007845 0.0009678
   116/199      3.1G   0.02863  0.008754  0.000571   0.03795         5       640    0.8821    0.7972    0.8406    0.5466    0.0306  0.007855 0.0009461
   117/199      3.1G   0.02861  0.008354 0.0005201   0.03749         5       640     0.862    0.8072     0.845    0.5435   0.02998  0.007768 0.0009634
   118/199      3.1G   0.02841   0.00846 0.0005442   0.03742         7       640    0.8772    0.7887    0.8399    0.5506   0.03003   0.00778 0.0009655
   119/199      3.1G   0.02821  0.008457 0.0005153   0.03718         6       640    0.8779     0.797    0.8435    0.5448   0.03015  0.007861 0.0007686
   120/199      3.1G   0.02895  0.008446 0.0005507   0.03795        11       640    0.8689    0.7878    0.8423     0.542   0.03026  0.007786 0.0009501
   121/199      3.1G   0.02822  0.008442 0.0004968   0.03716         9       640    0.8873    0.7846     0.843    0.5435   0.03005   0.00772 0.0008866
   122/199      3.1G   0.02821  0.008426 0.0004668   0.03711        10       640    0.8833    0.7963    0.8457    0.5442   0.02995   0.00771 0.0007708
   123/199      3.1G   0.02805  0.008328 0.0004629   0.03684         9       640    0.8786     0.791    0.8424    0.5494   0.03001  0.007735 0.0008718
   124/199      3.1G   0.02775  0.008249 0.0005415   0.03654         3       640    0.8964     0.774    0.8498    0.5516    0.0298  0.007748 0.0008194
   125/199      3.1G   0.02774  0.008313 0.0004413   0.03649         9       640    0.8508    0.8058    0.8447    0.5473   0.03008   0.00773  0.001034
   126/199      3.1G   0.02793   0.00834 0.0005456   0.03682        11       640    0.8711    0.7989    0.8417    0.5455   0.02985  0.007772  0.001103
   127/199      3.1G   0.02772  0.008307 0.0004625   0.03648        11       640    0.8649    0.8094    0.8468     0.551   0.02986  0.007723 0.0008267
   128/199      3.1G   0.02765  0.008252 0.0004993    0.0364         5       640    0.9117     0.779    0.8392    0.5491    0.0298  0.007735 0.0008491
   129/199      3.1G    0.0274  0.008128 0.0004559   0.03599         8       640    0.8995     0.789    0.8444    0.5475   0.02993  0.007777 0.0009504
   130/199      3.1G   0.02742  0.008109 0.0004846   0.03602         4       640    0.8876    0.7944    0.8416    0.5513   0.02955  0.007709  0.001046
   131/199      3.1G   0.02746  0.008195 0.0005166   0.03617        16       640    0.8661    0.8034     0.835    0.5534   0.02953  0.007647  0.001022
   132/199      3.1G   0.02742  0.008178 0.0005148   0.03611         5       640    0.9143    0.7838     0.853    0.5563   0.02926  0.007514 0.0008304
   133/199      3.1G   0.02715  0.008152 0.0003864   0.03569         9       640    0.8809    0.8118    0.8494    0.5565   0.02928  0.007565 0.0007801
   134/199      3.1G   0.02727  0.008113 0.0005244   0.03591        11       640    0.8909    0.7978    0.8503    0.5618   0.02908  0.007527 0.0008973
   135/199      3.1G   0.02692  0.008024 0.0004941   0.03544        10       640    0.8659    0.8082    0.8475    0.5599    0.0291  0.007566 0.0008758
   136/199      3.1G   0.02716  0.007933 0.0003361   0.03543         8       640    0.8929    0.7797    0.8448    0.5568   0.02924    0.0076 0.0009094
   137/199      3.1G   0.02699  0.008145 0.0003505   0.03549         7       640    0.8957    0.7796    0.8443    0.5558   0.02929  0.007599 0.0008702
   138/199      3.1G   0.02717  0.007984 0.0004042   0.03556        13       640    0.8959    0.7911    0.8483    0.5584   0.02928  0.007618 0.0008325
   139/199      3.1G   0.02647  0.007981 0.0003892   0.03484        10       640    0.8817    0.8005    0.8454    0.5537   0.02923  0.007643 0.0008904
   140/199      3.1G   0.02678  0.007996 0.0003316   0.03511        19       640    0.8652    0.8108    0.8512    0.5563   0.02922  0.007629  0.000862
   141/199      3.1G   0.02653  0.008008 0.0003809   0.03492        10       640    0.8579    0.8214    0.8524     0.561   0.02933  0.007534 0.0008433
   142/199      3.1G   0.02639   0.00784 0.0003329   0.03457         5       640    0.8692     0.808    0.8514    0.5623   0.02916  0.007537 0.0008006
   143/199      3.1G   0.02688  0.008017 0.0003814   0.03528         6       640    0.8804     0.806    0.8537    0.5604   0.02903  0.007536 0.0007394
   144/199      3.1G   0.02644  0.007967 0.0003567   0.03476         8       640    0.9152    0.7804    0.8523    0.5598   0.02912  0.007585 0.0007055
   145/199      3.1G     0.026  0.007895 0.0004751   0.03437         5       640    0.8892    0.8108    0.8542    0.5621   0.02905  0.007553 0.0007755
   146/199      3.1G   0.02635  0.007715  0.000378   0.03444         6       640    0.8842    0.8163    0.8551    0.5597   0.02917  0.007525 0.0007138
   147/199      3.1G   0.02598   0.00787 0.0004216   0.03427         3       640    0.8758    0.8172    0.8542    0.5604   0.02907  0.007551 0.0007044
   148/199      3.1G   0.02643  0.008006 0.0005753   0.03501         7       640     0.873    0.8078    0.8434    0.5576   0.02915  0.007529 0.0007185
   149/199      3.1G   0.02618  0.007741 0.0004863   0.03441         2       640    0.8829    0.8085    0.8499    0.5594   0.02903  0.007492  0.000735
   150/199      3.1G   0.02583   0.00769 0.0003692   0.03389         3       640    0.8928    0.8054    0.8489    0.5574   0.02901  0.007503 0.0006591
   151/199      3.1G   0.02572  0.007732 0.0003832   0.03384         7       640    0.8926    0.8115    0.8538    0.5593   0.02897  0.007458  0.000663
   152/199      3.1G   0.02541  0.007487 0.0003343   0.03323        10       640     0.908    0.8004    0.8551    0.5619    0.0289  0.007433  0.000677
   153/199      3.1G   0.02592  0.007666 0.0003923   0.03398         8       640    0.9196    0.8013    0.8544    0.5621   0.02886  0.007468 0.0006644
   154/199      3.1G   0.02539  0.007782 0.0003117   0.03348         8       640    0.9237    0.8009    0.8533    0.5642   0.02897  0.007485 0.0006551
   155/199      3.1G   0.02526  0.007586 0.0003165   0.03316        10       640    0.9296    0.7933    0.8535    0.5663   0.02885  0.007466 0.0006315
   156/199      3.1G    0.0254    0.0076 0.0003014    0.0333        10       640    0.9047    0.8139    0.8552     0.566    0.0288  0.007461  0.000638
   157/199      3.1G   0.02533  0.007605 0.0004244   0.03336        16       640    0.9067    0.8106    0.8598    0.5661   0.02864  0.007435 0.0006071
   158/199      3.1G   0.02534  0.007584 0.0003438   0.03327         5       640    0.8887    0.8229     0.859    0.5687   0.02862  0.007394 0.0006298
   159/199      3.1G   0.02571  0.007728 0.0003858   0.03383        13       640    0.9154    0.8074    0.8582    0.5667   0.02864   0.00739 0.0006714
   160/199      3.1G   0.02505   0.00758 0.0003194   0.03295         8       640    0.9183    0.7996    0.8575    0.5711   0.02852  0.007386 0.0007011
   161/199      3.1G   0.02468  0.007364 0.0003077   0.03236        15       640    0.9254    0.7996    0.8599    0.5709   0.02852  0.007406  0.000742
   162/199      3.1G   0.02499   0.00756 0.0003317   0.03288         9       640    0.8961    0.8197    0.8565    0.5666   0.02856   0.00741 0.0007315
   163/199      3.1G   0.02483  0.007656  0.000304   0.03279        12       640    0.9001    0.8108    0.8507    0.5654   0.02863  0.007427 0.0007345
   164/199      3.1G   0.02474   0.00752 0.0003467    0.0326        10       640    0.9167    0.8045    0.8516    0.5678   0.02865  0.007451 0.0007038
   165/199      3.1G    0.0249  0.007432 0.0002967   0.03262         2       640    0.9128     0.795    0.8513    0.5691   0.02863  0.007452 0.0006884
   166/199      3.1G   0.02465  0.007442 0.0002518   0.03234        13       640      0.91     0.798    0.8497    0.5693   0.02863  0.007485 0.0006854
   167/199      3.1G   0.02489  0.007362 0.0002987   0.03255         2       640    0.9074    0.7974    0.8469    0.5667   0.02863  0.007441  0.000697
   168/199      3.1G   0.02419  0.007405 0.0002839   0.03188        12       640    0.9037    0.8045    0.8495    0.5678   0.02867  0.007454 0.0006746
   169/199      3.1G   0.02448  0.007473 0.0002981   0.03225         9       640    0.9076    0.8089      0.85    0.5678   0.02868  0.007472 0.0006884
   170/199      3.1G   0.02415  0.007456   0.00032   0.03193        15       640    0.9093    0.8097    0.8532     0.568   0.02868  0.007486 0.0006919
   171/199      3.1G   0.02408  0.007417 0.0003183   0.03182         6       640    0.9017    0.8079    0.8504    0.5712   0.02865  0.007507  0.000681
   172/199      3.1G   0.02425  0.007268 0.0004059   0.03193        10       640    0.8955    0.8082     0.847      0.57   0.02865  0.007506 0.0007007
   173/199      3.1G   0.02409  0.007448  0.000369    0.0319        12       640    0.8956    0.8119    0.8465    0.5717   0.02863  0.007495 0.0007292
   174/199      3.1G   0.02457  0.007488 0.0003413    0.0324         6       640    0.9107    0.8026    0.8487    0.5707   0.02863  0.007515 0.0006616
   175/199      3.1G   0.02431  0.007246 0.0002902   0.03185        14       640    0.9052    0.8107    0.8528     0.569   0.02857  0.007516 0.0006452
   176/199      3.1G   0.02468  0.007182 0.0003301    0.0322         8       640    0.9027    0.8078    0.8508    0.5686   0.02858  0.007504 0.0006731
   177/199      3.1G   0.02431  0.007382 0.0002721   0.03196        12       640    0.8886    0.8176    0.8512    0.5691   0.02859  0.007485 0.0007401
   178/199      3.1G   0.02443  0.007225 0.0003335   0.03199         9       640    0.8938    0.8101    0.8517    0.5686   0.02857  0.007492 0.0007441
   179/199      3.1G   0.02413  0.007287 0.0002612   0.03167         6       640    0.9057    0.8045    0.8516    0.5672   0.02858  0.007525 0.0007415
   180/199      3.1G   0.02394  0.007204 0.0002752   0.03142        12       640    0.8996    0.8086     0.849    0.5698   0.02858  0.007528 0.0007436
   181/199      3.1G   0.02429  0.007236 0.0002441   0.03177         7       640    0.9038    0.8099      0.85    0.5693   0.02859   0.00752 0.0007535
   182/199      3.1G   0.02389  0.007224 0.0003496   0.03146         7       640    0.9083    0.8072    0.8499    0.5671   0.02857  0.007517 0.0007324
   183/199      3.1G   0.02376  0.007243 0.0002852   0.03129         8       640    0.8957    0.8201    0.8545     0.572   0.02851  0.007501 0.0006997
   184/199      3.1G   0.02374   0.00706 0.0003093    0.0311         9       640    0.9118    0.8029    0.8493     0.572   0.02853  0.007514  0.000697
   185/199      3.1G   0.02418  0.007241 0.0002778    0.0317         9       640    0.9001    0.8178    0.8524    0.5713   0.02862  0.007534 0.0007317
   186/199      3.1G    0.0234   0.00707 0.0002397   0.03071         6       640    0.8922    0.8145    0.8513    0.5739    0.0286  0.007528 0.0007501
   187/199      3.1G   0.02357  0.007114  0.000322   0.03101         9       640    0.9049    0.8018    0.8502    0.5728   0.02856  0.007486 0.0007739
   188/199      3.1G   0.02377  0.007105 0.0002788   0.03115         7       640    0.9079    0.7976    0.8517    0.5725   0.02853  0.007503 0.0008201
   189/199      3.1G   0.02391  0.007349 0.0003209   0.03158         8       640    0.8995    0.8037    0.8516     0.575   0.02846  0.007461 0.0008349
   190/199      3.1G    0.0234  0.007175 0.0002946   0.03087         3       640    0.9015    0.8062    0.8514     0.573    0.0284  0.007449 0.0008246
   191/199      3.1G   0.02375  0.007157 0.0002908    0.0312         6       640    0.8957    0.8125    0.8552    0.5739   0.02838  0.007457 0.0008241
   192/199      3.1G   0.02357  0.007229  0.000305    0.0311         8       640    0.9109    0.8002    0.8492    0.5747    0.0284  0.007448 0.0007942
   193/199      3.1G    0.0232  0.007187 0.0003134    0.0307         8       640    0.9005    0.8081    0.8502    0.5746   0.02842  0.007452 0.0008063
   194/199      3.1G   0.02355  0.007152 0.0002541   0.03096         5       640    0.9131    0.8002    0.8516    0.5734   0.02842   0.00748 0.0008391
   195/199      3.1G   0.02319  0.007184 0.0002195   0.03059         6       640    0.9109    0.7978    0.8511    0.5718   0.02843  0.007493 0.0008778
   196/199      3.1G   0.02415  0.007253  0.000308   0.03171        12       640    0.9095    0.8004    0.8516    0.5714   0.02842  0.007481  0.000866
   197/199      3.1G   0.02347  0.007194 0.0002081   0.03087        10       640    0.9105    0.7988      0.85    0.5716    0.0284  0.007482 0.0008226
   198/199      3.1G   0.02306  0.007005  0.000212   0.03028        10       640    0.9103    0.7979    0.8488    0.5709   0.02838  0.007497 0.0008019
   199/199      3.1G   0.02333  0.006986 0.0003019   0.03062         7       640    0.9113    0.7961    0.8488     0.572   0.02836  0.007497 0.0007654
